[System]
Name: IDC
[Parameter]
p1 (int) : 1,2,3,4,5,6,7,8,9,10,11,12,13,14,15,16,17,18,19,20
p2 (int) : 1,2,3,4,5,6,7,8,9,10,11,12,13,14,15,16,17,18,19,20
p3 (int) : 1,2,3,4,5,6,7,8,9,10,11,12,13,14,15,16,17,18,19,20
p4 (int) : 1,2,3,4,5,6,7,8,9,10,11,12,13,14,15,16,17,18,19,20
p5 (int) : 1,2,3,4,5,6,7,8,9,10,11,12,13,14,15,16,17,18,19,20
p6 (int) : 1,2,3,4,5,6,7,8,9,10,11,12,13,14,15,16,17,18,19,20
p7 (int) : 1,2,3,4,5,6,7,8,9,10,11,12,13,14,15,16,17,18,19,20
p8 (int) : 1,2,3,4,5,6,7,8,9,10,11,12,13,14,15,16,17,18,19,20
